Data from Graph
  ==============

  Title		: Control : Moment - |e_x

  X Axis Title	: Axial Strain (mm/m)
  Y Axis Title	: Moment (kNm)

   Axial Strain (mm/m)		Moment (kNm)
Line type : 0
   0.000   	   -0.000
   -0.001   	   5.132
   -0.002   	   11.289
   -0.003   	   16.216
   -0.003   	   20.157
   -0.004   	   23.309
   -0.004   	   25.832
   -0.005   	   27.849
   -0.005   	   29.463
   -0.005   	   30.755
   -0.005   	   31.788
   -0.005   	   32.614
   -0.005   	   33.275
   -0.005   	   33.768
   -0.000   	   31.974
   0.023   	   47.216
   0.054   	   60.622
   0.088   	   73.823
   0.123   	   87.005
   0.158   	   100.209
   0.193   	   113.429
   0.228   	   126.675
   0.263   	   139.914
   0.299   	   153.143
   0.334   	   166.567
   0.372   	   181.298
   0.414   	   197.413
   0.460   	   215.063
   0.508   	   234.291
   0.623   	   240.365
   0.743   	   241.619
   0.878   	   242.776
   1.028   	   243.869
   1.196   	   244.863
   1.383   	   245.798
   1.591   	   246.651
   1.822   	   247.429
   2.078   	   248.130
   2.361   	   248.737
   2.674   	   249.234
   2.743   	   249.382
   2.754   	   249.402
   2.762   	   249.415
   2.798   	   249.457
   3.018   	   249.731
   3.394   	   250.030
   3.805   	   250.181
   4.251   	   250.156
   4.731   	   249.920
   5.246   	   249.435
   5.792   	   248.666
   6.367   	   247.581
   6.965   	   246.175
   7.519   	   243.998
   7.647   	   238.248
   6.813   	   225.630
   5.465   	   198.673



 Data from Graph
  ==============

  Title		: Control : Moment - |f

  X Axis Title	: Curvature (mrad/m)
  Y Axis Title	: Moment (kNm)

   Curvature (mrad/m)		Moment (kNm)
Line type : 0
   -0.000   	   -0.000
   0.056   	   5.132
   0.122   	   11.289
   0.176   	   16.216
   0.218   	   20.157
   0.252   	   23.309
   0.280   	   25.832
   0.302   	   27.849
   0.319   	   29.463
   0.333   	   30.755
   0.344   	   31.788
   0.353   	   32.614
   0.360   	   33.275
   0.366   	   33.768
   0.389   	   31.974
   0.722   	   47.216
   1.056   	   60.622
   1.389   	   73.823
   1.722   	   87.005
   2.056   	   100.209
   2.389   	   113.429
   2.722   	   126.675
   3.056   	   139.914
   3.389   	   153.143
   3.728   	   166.567
   4.101   	   181.298
   4.511   	   197.413
   4.962   	   215.063
   5.458   	   234.291
   6.004   	   240.365
   6.604   	   241.619
   7.264   	   242.776
   7.991   	   243.869
   8.790   	   244.863
   9.669   	   245.798
   10.636   	   246.651
   11.699   	   247.429
   12.869   	   248.130
   14.156   	   248.737
   15.572   	   249.234
   15.883   	   249.382
   15.933   	   249.402
   15.973   	   249.415
   16.132   	   249.457
   17.129   	   249.731
   18.842   	   250.030
   20.726   	   250.181
   22.799   	   250.156
   25.079   	   249.920
   27.586   	   249.435
   30.345   	   248.666
   33.380   	   247.581
   36.718   	   246.175
   40.389   	   243.998
   44.428   	   238.248
   48.871   	   225.630
   53.758   	   198.673

 
 
 Data from Graph
  ==============

  Title		: Longitudinal Strain

  X Axis Title	: |e_x Strain (mm/m)
  Y Axis Title	: Beam Depth (mm)

   |e_x Strain (mm/m)		Beam Depth (mm)
Line type : 0
   0.0000   	   300.000
   -2.4128   	   300.000
   -2.1470   	   287.175
   -1.8812   	   274.350
   -1.6154   	   261.525
   -1.3496   	   248.700
   -1.1475   	   238.950
   -0.9454   	   229.200
   -0.7909   	   221.743
   -0.6363   	   214.286
   -0.4142   	   203.571
   -0.1922   	   192.857
   -0.1367   	   190.179
   -0.0811   	   187.500
   -0.0534   	   186.161
   -0.0256   	   184.821
   -0.0187   	   184.487
   -0.0118   	   184.152
   -0.0048   	   183.817
   0.0021   	   183.482
   0.0160   	   182.813
   0.0299   	   182.143
   0.0438   	   181.473
   0.0576   	   180.804
   0.0646   	   180.469
   0.0715   	   180.134
   0.0785   	   179.799
   0.0854   	   179.464
   0.0923   	   179.129
   0.0993   	   178.795
   0.1062   	   178.460
   0.1132   	   178.125
   0.1201   	   177.790
   0.1270   	   177.455
   0.1340   	   177.121
   0.1409   	   176.786
   0.1479   	   176.451
   0.1548   	   176.116
   0.1617   	   175.781
   0.1687   	   175.446
   0.1826   	   174.777
   0.1964   	   174.107
   0.2103   	   173.438
   0.2242   	   172.768
   0.2381   	   172.098
   0.2520   	   171.429
   0.2797   	   170.089
   0.3075   	   168.750
   0.3352   	   167.411
   0.3630   	   166.071
   0.4185   	   163.393
   0.4740   	   160.714
   0.5851   	   155.357
   0.6961   	   150.000
   0.9181   	   139.286
   1.1402   	   128.571
   1.5843   	   107.143
   2.0285   	   85.714
   2.4726   	   64.286
   2.9167   	   42.857
   3.8050   	   0.000
   4.6933   	   -42.857
   5.5815   	   -85.714
   6.4698   	   -128.571
   7.3581   	   -171.429
   8.2463   	   -214.286
   8.3418   	   -218.893
   8.4373   	   -223.500
   8.6984   	   -236.100
   8.9596   	   -248.700
   9.4912   	   -274.350
   10.0228   	   -300.000
   0.0000   	   -300.000



  Data from Graph
  ==============

  Title		: Shrinkage & Thermal Strain

  X Axis Title	: strain (mm/m)
  Y Axis Title	: Beam Depth (mm)

   strain (mm/m)		Beam Depth (mm)
Line type : 0
   0.000   	   -300.000
   0.000   	   -300.000
   0.000   	   -294.000
   0.000   	   -288.000
   0.000   	   -282.000
   0.000   	   -276.000
   0.000   	   -270.000
   0.000   	   -264.000
   0.000   	   -258.000
   0.000   	   -252.000
   0.000   	   -246.000
   0.000   	   -240.000
   0.000   	   -234.000
   0.000   	   -228.000
   0.000   	   -222.000
   0.000   	   -216.000
   0.000   	   -210.000
   0.000   	   -204.000
   0.000   	   -198.000
   0.000   	   -192.000
   0.000   	   -186.000
   0.000   	   -180.000
   0.000   	   -174.000
   0.000   	   -168.000
   0.000   	   -162.000
   0.000   	   -156.000
   0.000   	   -150.000
   0.000   	   -144.000
   0.000   	   -138.000
   0.000   	   -132.000
   0.000   	   -126.000
   0.000   	   -120.000
   0.000   	   -114.000
   0.000   	   -108.000
   0.000   	   -102.000
   0.000   	   -96.000
   0.000   	   -90.000
   0.000   	   -84.000
   0.000   	   -78.000
   0.000   	   -72.000
   0.000   	   -66.000
   0.000   	   -60.000
   0.000   	   -54.000
   0.000   	   -48.000
   0.000   	   -42.000
   0.000   	   -36.000
   0.000   	   -30.000
   0.000   	   -24.000
   0.000   	   -18.000
   0.000   	   -12.000
   0.000   	   -6.000
   0.000   	   0.000
   0.000   	   6.000
   0.000   	   12.000
   0.000   	   18.000
   0.000   	   24.000
   0.000   	   30.000
   0.000   	   36.000
   0.000   	   42.000
   0.000   	   48.000
   0.000   	   54.000
   0.000   	   60.000
   0.000   	   66.000
   0.000   	   72.000
   0.000   	   78.000
   0.000   	   84.000
   0.000   	   90.000
   0.000   	   96.000
   0.000   	   102.000
   0.000   	   108.000
   0.000   	   114.000
   0.000   	   120.000
   0.000   	   126.000
   0.000   	   132.000
   0.000   	   138.000
   0.000   	   144.000
   0.000   	   150.000
   0.000   	   156.000
   0.000   	   162.000
   0.000   	   168.000
   0.000   	   174.000
   0.000   	   180.000
   0.000   	   186.000
   0.000   	   192.000
   0.000   	   198.000
   0.000   	   204.000
   0.000   	   210.000
   0.000   	   216.000
   0.000   	   222.000
   0.000   	   228.000
   0.000   	   234.000
   0.000   	   240.000
   0.000   	   246.000
   0.000   	   252.000
   0.000   	   258.000
   0.000   	   264.000
   0.000   	   270.000
   0.000   	   276.000
   0.000   	   282.000
   0.000   	   288.000
   0.000   	   294.000
   0.000   	   300.000
   0.000   	   300.000
   0.000   	   300.000
   0.000   	   -248.700
   0.000   	   -248.700
   0.000   	   -223.500
   0.000   	   -223.500
   0.000   	   229.200
   0.000   	   229.200
   0.000   	   248.700
   0.000   	   248.700
   0.000   	   -300.000




  Data from Graph
  ==============

  Title		: Long. Reinforcement Stress

  X Axis Title	: Stress (MPa)
  Y Axis Title	: Beam Depth (mm)

   Stress (MPa)		Beam Depth (mm)
Line type : 0
   0.000   	   300.000
   0.000   	   -248.700
   340.000   	   -248.700
   340.000   	   -223.500
   0.000   	   -223.500
   0.000   	   229.200
   -195.076   	   229.200
   -195.076   	   248.700
   0.000   	   248.700
   0.000   	   -300.000
   
   
   
   
   
  Data from Graph
  ==============

  Title		: Long. Reinf Stress at Crack

  X Axis Title	: f_s_c_r_a_c_k (MPa)
  Y Axis Title	: Beam Depth (mm)

   f_s_c_r_a_c_k (MPa)		Beam Depth (mm)
Line type : 0
   0.000   	   300.000
   0.000   	   -248.700
   340.000   	   -248.700
   340.000   	   -223.500
   0.000   	   -223.500
   0.000   	   229.200
   0.000   	   229.200
   0.000   	   248.700
   0.000   	   248.700
   0.000   	   -300.000





Data from Graph
  ==============

  Title		: Longitudinal Concrete Stress

  X Axis Title	: Stress (MPa)
  Y Axis Title	: Beam Depth (mm)

   Stress (MPa)		Beam Depth (mm)
Line type : 0
   -20.885   	   300.000
   -22.343   	   287.175
   -22.633   	   274.350
   -21.760   	   261.525
   -19.936   	   248.700
   -17.906   	   238.950
   -15.377   	   229.200
   -13.164   	   221.743
   -10.767   	   214.286
   -7.106   	   203.571
   -3.313   	   192.857
   -2.357   	   190.179
   -1.400   	   187.500
   -0.921   	   186.161
   -0.442   	   184.821
   -0.322   	   184.487
   -0.203   	   184.152
   -0.083   	   183.817
   0.037   	   183.482
   0.276   	   182.813
   0.516   	   182.143
   0.755   	   181.473
   0.994   	   180.804
   1.114   	   180.469
   1.174   	   180.134
   0.589   	   179.799
   0.393   	   179.464
   0.295   	   179.129
   0.236   	   178.795
   0.197   	   178.460
   0.168   	   178.125
   0.147   	   177.790
   0.131   	   177.455
   0.118   	   177.121
   0.107   	   176.786
   0.098   	   176.451
   0.091   	   176.116
   0.084   	   175.781
   0.079   	   175.446
   0.069   	   174.777
   0.062   	   174.107
   0.056   	   173.438
   0.051   	   172.768
   0.047   	   172.098
   0.044   	   171.429
   0.038   	   170.089
   0.034   	   168.750
   0.030   	   167.411
   0.027   	   166.071
   0.023   	   163.393
   0.020   	   160.714
   0.016   	   155.357
   0.013   	   150.000
   0.010   	   139.286
   0.008   	   128.571
   0.005   	   107.143
   0.004   	   85.714
   0.003   	   64.286
   0.003   	   42.857
   0.002   	   0.000
   0.002   	   -42.857
   0.002   	   -85.714
   0.002   	   -128.571
   0.003   	   -171.429
   0.003   	   -214.286
   0.003   	   -218.893
   0.003   	   -223.500
   0.003   	   -236.100
   0.003   	   -248.700
   0.003   	   -274.350
   0.003   	   -300.000
   
